0.0
0.0
1.5
1.4142135623730951
1.2649110640673518
1.3801311186847083
1.3562026818605375
1.3017082793177759
1.2516655570345725
1.2504544628399563
1.3026778945578592
1.2506408613597126
1.2043875831929896
1.2071217242444348
1.2041594578792296
1.1850788010532811
1.1504474832710556
1.11868761873192
1.105012502906165
1.077916862241593
1.0660035817780522
1.0724726702618104
1.0759222535351585
1.0677078252031311
1.0705857490896495
1.0715167512214394
1.0515798142890085
1.0327160611969717
1.2429109325317307
1.2408807139433504
1.2632363710059404
1.2507573463281914
1.2323621941377896
1.2319281873646408
1.2146591395930073
1.204969689225398
1.1890921982947829
1.173826114162059
1.1591331863033445
1.151351273980952
1.2154636631246145
1.2058366729989012
1.2077970791300912
1.1989052245168246
1.1862741575249771
1.1881312529306536
1.1803278183899795
1.1686086849340978
1.1572310372044936
