12.727922061357855
9.16515138991168
7.5
6.767569726275452
6.442049363362563
6.027713773341708
6.25642526870234
9.12414379544733
8.83238988672438
8.694826047713663
8.778417058935288
8.471672253412
8.226197765087447
8.250252521387855
7.999739579094642
8.237735982516497
8.339997335464536
8.519671080601492
8.294576541331088
8.098794736902288
8.533737476901624
8.355017900080881
8.352622602980821
8.423775875461075
8.428888055144276
8.29083178805913
11.94226632041527
14.357504345619498
14.138111857548438
13.976401001196143
13.818779589921778
15.559088253259805
15.461210159875685
15.865929884265748
15.75494379451269
15.547177065779971
15.344966416062942
15.229729786365942
15.05440986589167
14.88615333038088
14.838679562205854
14.87902490285572
14.757572320791203
14.616926676102109
14.601651021729923
14.442107466886762
14.583080038327134
15.75066136177568
15.61800373979743
