3.5355339059327378
4.509249752822894
3.685557397915997
3.1937438845342623
2.8751811537130436
3.1622776601683795
2.948970764763288
2.7738861628488727
2.758824226207808
3.6630836488103595
3.58024884863913
3.751922584079138
3.6411868612090976
3.514595418021959
3.521363372331802
3.6612035950908113
3.5521327479168807
3.452264279421661
3.3603727863375363
3.280534218980921
3.4327175507970042
3.3551329326939388
3.4638401241681325
3.547299442298794
3.497691546412599
3.614232707322269
3.6851984791443497
3.6188477604481366
3.5950157066464237
3.549344934261193
3.4919261714842675
3.439410626044156
3.3891932692077003
3.3514075808694535
3.4211062909486243
3.3734077547607373
3.621494233550778
3.67744704029073
3.7248300597958792
3.689305572835638
3.644160683173169
3.686496264277746
3.6549800946927773
3.6132472314464668
3.5981745237525153
3.582643946909011
3.610465481472964
3.6529970921288784
3.6156688488424646
