17.67766952966369
14.153915830374762
11.561430130683084
10.559356040971437
14.515508947329405
15.162610655977481
14.27222577495986
13.37389663153978
13.375350462698165
12.727922061357855
13.317509549689108
12.922847983320086
13.315280819295676
13.502380742457445
13.06330739131557
13.33201586628307
12.93485436780561
14.157427327661324
13.797310950822418
13.464415181896175
13.141998372093996
12.921471544583083
13.30250058218869
13.593871168042359
13.442985016500097
13.195224898195564
12.982487186397433
13.343325484127615
13.202403125032278
13.12463005110981
14.767519666375062
14.644719288204298
16.04172367283896
15.820261447552236
17.01658854513106
16.782659433404994
16.560591794044985
16.352188296319014
16.55834672163396
16.35240714733446
16.168250099066682
16.104414285171583
15.922181265039866
15.74599516182968
15.651272115728476
15.737644376106234
15.623166559098488
15.474716046981085
15.648642113614843
