16.263455967290593
14.224392195567912
11.644025649805712
10.099504938362077
9.261029460414575
8.48247493084306
7.855844048495726
7.5
7.745966692414834
7.567874686642696
8.984835709531518
8.818686453731688
9.54687682663064
10.161552187394546
9.838487349858886
9.532452310860178
9.281543989204026
9.118774412366266
8.933084573650918
8.744249811270533
8.614394477140701
8.443956137789737
8.947512001360643
9.336844577621857
9.57882279582654
9.5157688890524
9.374343010489156
9.318264283710985
9.39454476089011
9.533077671585033
9.64344169588511
9.500099680497776
9.355143856592484
9.251663488850227
9.28093283488865
9.205609335793218
9.085691312648366
8.986719846709303
9.327344690444273
9.223776275500605
9.271520466124997
9.260054844619436
9.151878005958164
9.139380877733613
9.104466175884562
9.011350638668157
9.632613043331139
9.632975536513877
9.922989180973357
