3.5355339059327378
4.041451884327381
4.242640687119285
4.301162633521313
4.179314138308661
3.8668308667927223
3.6228441865473595
3.48010216963685
3.4058772731852804
3.266914028977083
3.146667308679955
3.3873823188944847
3.262339213334067
3.32665998663324
3.22490309931942
3.1319041379665125
3.3572670179873034
3.2758196153095462
3.226534722545145
4.523483697539404
4.421758479603794
4.369314487526514
4.27814635465923
4.2296571965113205
4.25151556687549
4.564198596896155
4.49043663400578
4.483137536088725
4.443903223751499
4.404543109109048
4.422153722835413
4.357160598927757
4.323896209597606
4.343835581951187
4.295808218946495
4.265406627004475
4.256448542658722
4.225109697607285
4.180234320508717
4.347974016571452
4.912947174754477
5.083685063081505
5.040376089192889
5.485333981526456
5.441520461005015
5.450220442121133
5.394868851888618
5.763552499541059
5.706566214387045
