0.7071067811865476
2.081665999466133
1.7320508075688772
1.5165750888103102
1.378404875209022
1.3801311186847083
1.2817398889233114
1.224744871391589
1.2692955176439846
1.2135597524338357
1.2309149097933272
1.3913653136029502
1.3926810257774174
1.3451854182690985
1.3102162671355697
1.2776356840572631
1.2432826042324119
1.3267380744248862
1.292692009559488
1.2611408289624877
1.2867960816866657
1.258959982348188
1.3180739131701644
1.3638181696985856
1.336470667898793
1.3107054276032881
1.2971274735120226
1.2740301053584275
1.2521246311585854
1.2477937519124815
1.2276222756258959
1.2231974988578587
1.2552918289216957
1.2481919697215291
1.2758439472669758
1.2681120250624975
1.2944789205219511
1.2873305608931402
1.3085027654458692
1.2920960471737195
1.276291448152489
1.268931937241337
1.2615219507148128
1.247219128924647
1.315827103453784
1.3103162861148159
1.367686870554267
1.3615217576662664
1.37751625050602
