7.0710678118654755
5.131601439446884
6.782329983125268
5.941380311005179
5.49241901776136
5.154748157905347
4.840306956027833
4.636809247747851
4.581363212940979
4.69622672520668
4.599077641388016
9.250779592927456
8.922129544250947
8.70522557898142
8.444919577276426
9.171166453491457
9.04401004240148
8.80789119871613
8.58931404650416
9.366607354497855
9.19486022435657
9.013823376220964
8.82919646088632
8.668333173107735
8.642649166510498
8.512434344036873
8.457409637576848
8.326910496915726
8.307038976177019
8.42895674611971
8.29198748501304
8.162529873721379
8.108884676401999
8.034379907883476
8.213616259814678
8.116642155465515
8.00728686627051
8.162320857536569
8.260967845451871
8.159387829739286
8.485965731833844
8.385242534286292
8.523069055867037
8.802433088801545
8.710618762582433
8.698836142339236
8.616226651042071
8.860262507436236
8.776685255928497
