0.7071067811865476
1.5275252316519468
1.2909944487358056
1.140175425099138
1.2110601416389966
1.1126972805283737
1.0350983390135313
0.9718253158075502
0.9189365834726815
0.904534033733291
0.8660254037844386
0.898717034272917
0.9168747682531899
1.01418510567422
0.9810708435174292
0.9701425001453319
0.9428090415820634
0.9581903020646578
0.9333020044867297
0.9283882603225667
0.9069238239845849
0.8868828923945564
0.8998792189486611
0.9092121131323904
0.8909804452658621
0.873803618402192
0.8751417118804337
0.8596023825918793
0.9128709291752768
0.9099214192705389
0.9503819266229829
1.1406736446663277
1.128547091761979
1.116717880007933
1.1828805304029437
1.1689167491170473
1.177068712485302
1.163432958237427
1.1698674042769734
1.1592680617632793
1.1489024202238776
1.1551799656527133
1.1430458919943127
1.133957047625079
1.1250335475406
1.1162743637359658
1.1058756679246549
1.0957555713337002
1.1021315155420521
