10.606601717798213
8.660254037844387
7.088723439378913
6.942621983083913
7.1740272279011235
6.669047194029329
6.812540956626557
6.383572667401852
6.051629716218782
5.821589910918588
5.728715546977509
5.486580365087538
5.409088810348908
5.535168943952409
5.409482415166908
5.2901128643581
5.136375467309265
4.995319446668952
4.878524367060187
4.914991643649342
4.934199058238363
5.088932422579516
5.103103630798287
5.106531764971865
5.238907695899389
5.342140164621435
5.248330548371886
5.154031374455048
5.069743469898128
5.1510516725551625
5.311183423196633
5.321483046875356
5.2571146936281306
5.186439979780499
5.117352986388723
5.052725010331557
5.001351168785643
4.951314933242597
4.8936772393647825
4.837984865724118
4.779213606289347
4.727338552461656
4.808983401205034
4.887626099538393
4.833708131395286
4.905866902470435
4.877897393213945
4.82702497072754
4.778523382205607
