1.4142135623730951
1.5275252316519465
2.943920288775949
2.701851217221259
5.244044240850758
6.2182527020592095
8.071112509614592
7.557189365836423
7.36432843736164
7.240040180702163
8.687765692470805
8.421583991333039
8.269166879385184
8.236388482708623
7.965550828411052
8.298210296060654
8.053132382897388
7.859884081701064
7.767001724570021
9.046967395078807
8.829309710091156
8.633055326405287
8.443761096174818
9.309851413064193
9.212032265550228
9.090710953551742
8.954544233731967
8.795010901003389
8.709619467253882
8.605324683196201
8.50136374259277
8.386948735440624
8.284814190285617
8.171275781612053
8.132386752098936
8.029880383852488
8.21839175360041
8.366197007103851
8.26158859746999
8.20194801370456
8.887377678352435
8.884767409214273
8.78143703294833
9.352415557901434
9.249546274287903
9.160002342970182
9.081194035278784
9.567963125312875
9.470124883343539
