2.1213203435596424
1.7320508075688772
2.0615528128088303
2.949576240750525
2.6832815729997477
2.449489742783178
2.5035688811888406
3.1622776601683795
2.9888682361946524
2.8667371379639635
2.7784342658585555
2.754948926884778
2.6726124191242437
2.7481595573002946
2.6583202716502514
2.5767626748214396
2.5022865360499247
2.45425993180541
2.4083189157584592
2.3482516292522218
2.3963355863535143
2.475971482591974
2.4361409254588806
2.5317977802344327
2.597039734893439
2.6479040789643444
2.675333139518779
2.660141853323419
2.6182384180576648
2.6631697501810825
2.6848965259090916
2.7013604877632464
2.713437874365141
2.673241195140266
2.639745057435276
2.6508540184301035
2.614789972499607
2.584861982966432
2.5515204114912367
2.537763563147486
2.523754738300471
2.5095608983539464
2.559234822220163
2.5336124248179552
2.570080545364646
2.614624776082407
2.5867056460468745
2.5628162655337494
2.568967075837037
