8.48528137423857
6.658328118479393
5.5
5.412947441089743
4.9396356140913875
5.429197958832454
5.0691644845505435
4.763868642652151
4.508017549014448
4.2895221179054435
4.130448651249167
4.426030229194508
4.253634515729647
4.1895561760622035
4.08248290463863
4.302017310655138
4.190324990906047
4.201085908073952
4.223991626785959
4.130029401486491
4.041987424233571
3.979691528753406
4.128155358833611
4.242640687119286
4.159881655121379
4.227504567921231
4.3235542893690715
4.248152307716456
4.186596016681876
4.268917417095169
4.2039727754558776
4.141896067057095
4.082046252099316
4.024713570893101
4.094421291743892
4.0516559473770615
4.026583075760743
4.089748877857981
4.143267631552018
4.122514032871145
4.149360109071071
4.198955731593321
4.177547456153476
4.1418046132749256
4.098544574949775
4.096432418201448
4.052623701412237
4.010191099319486
3.9910614413425693
