4.242640687119285
3.0
2.8722813232690143
3.420526275297414
3.146426544510455
3.338091841585121
3.116774889895918
2.934469476943168
2.788866755113585
2.662876093795784
2.609713789020946
2.7245324228345904
2.6941124249447643
2.6367367999823097
2.548692475237712
2.6248249241335966
2.5495097567963922
2.5431941053151923
2.4793887192315434
2.4823184247603614
2.425067500287854
2.371604083495758
2.42570772580179
2.466441431158124
2.4216967986548985
2.3864527431224563
2.41796626249434
2.401251726124679
2.3915560269174247
2.3513894313925365
2.4155076939134017
2.3864357853451152
2.3582827070144092
2.323428356487691
2.348082635575687
2.315245205234288
2.2837480112006388
2.305014190488548
2.322548335176422
2.3172207911897282
2.311034983409215
2.3280275064686977
2.347573079959499
2.3969677814802908
2.387264923804042
2.36122704424767
2.3414246738996534
2.3584051454175494
2.350944230625262
