1.4142135623730951
3.0550504633038935
2.516611478423583
2.280350850198276
2.0976176963403033
2.2253945610567474
2.065879266282796
1.9436506316151003
1.837873166945363
1.7939291563999449
1.7816403745544227
1.8501559185854912
1.9100658753958326
1.9444671200491874
1.905037182489273
2.0
2.0651164331225833
2.1343747458109497
2.1830688201896455
2.1657507221460626
2.1466776908108742
2.098371286339948
2.160246899469287
2.207562758639793
2.1968508930179684
2.1543039806456377
2.1439591522603334
2.1323222152284234
2.119694187442109
2.087855307473733
2.0945397523545712
2.098430149161294
2.0897850190928624
2.093206297774306
2.0632844828435215
2.1297971819016093
2.16676696707697
2.157746612868186
2.190304978179043
2.1628797424932817
2.155402687045212
2.14739276357706
2.1389373188858576
2.117269062454813
2.1087579053513092
2.0999537460216016
2.1428381458124495
2.1213203435596424
2.154823729710263
