16.97056274847714
13.076696830622021
11.40175425099138
10.124228365658293
9.137833441248533
8.445906306213285
8.016723591521485
16.658331248957683
15.707040176656808
14.902104793374905
14.5310534770028
14.943483272239183
14.400091574800397
13.917443662369827
13.44851292894497
13.205669459832505
13.096424697957875
12.88977109301827
12.655246467686622
16.901394701536997
16.67307236208558
19.330186923105877
19.826374982016663
21.73898188355042
21.299765256922434
20.900319658401443
20.70078468977654
20.62156076714142
20.27628137028327
21.642053844856218
22.751794505616616
22.448594475810594
22.197621558447423
21.873125369854627
22.799262032055974
22.610290250795657
23.401012731729253
23.300651876455003
23.984984619121338
23.9103508558277
23.66206135362901
23.382466858046932
23.110395508291997
22.849706582560113
22.68319942670972
22.476300603227845
22.27471931511991
22.052658068612875
22.664761824723165
