2.1213203435596424
1.5275252316519465
1.2583057392117916
1.3416407864998738
1.224744871391589
1.2535663410560174
1.3093073414159542
1.2360330811826103
1.1737877907772674
1.1281521496355325
1.0836246694508318
1.126601424298216
1.0894095588038444
1.0555973258234952
1.2093386622447824
1.2307338795828047
1.1991282236408358
1.1722922015640782
1.187655806953123
1.1608699529314417
1.1405550406998344
1.1626601636447695
1.141287094417552
1.1547005383792515
1.1374735838014673
1.1183524715903528
1.1292175499576134
1.1152768107210065
1.1351236704106018
1.1453505825681705
1.128801819801464
1.1163387125832918
1.1332756617391004
1.1204740893362726
1.1307393283031366
1.119040773275153
1.1076483103929506
1.1172793251547948
1.131144190405087
1.1428462543035305
1.1313297860416887
1.140223987631907
1.1300246026246499
1.1406182976833665
1.130174626325657
1.1396479323921647
1.129865365732064
1.138384103607802
1.129204162592543
