2.1213203435596424
1.5275252316519465
1.2583057392117916
1.140175425099138
1.1690451944500122
1.2724180205607034
1.2817398889233114
1.4142135623730951
1.3333333333333333
1.300349603340998
1.2792042981336627
1.344504484072964
1.3114039117603014
1.2649110640673518
1.2230426539304888
1.2631659571466125
1.3394467690277296
1.3156725094212403
1.281446551034375
1.2611408289624877
1.2414207752110245
1.2223220304997613
1.2445533509971602
1.2609520212918492
1.2384854273854633
1.24493274913047
1.259881576697424
1.2653004471961895
1.2452207485597395
1.2589464788302718
1.2636353087613479
1.2665570127975554
1.3098420799889594
1.3080230769171846
1.3225756497101968
1.3048765086025202
1.2925544525482382
1.304513083861144
1.3143683283479188
1.3015000726178967
1.303305901075033
1.3118423047600423
1.29786782375913
1.2843266521780778
1.2711970850287173
1.3499580286071582
1.3362114327110817
1.3228756555322951
1.313198307917874
