24.041630560342615
17.61628034896508
14.974979131871937
13.007690033207279
12.062338081814818
11.141941354308823
10.596495377515827
10.183046913593419
9.600925881277169
9.108437646689818
8.684713145766096
8.668392333127617
8.441459693574432
8.63437206474107
8.342661445845684
8.909677488056257
8.868133447894953
8.668353412107342
8.665721945810704
9.892517614940333
9.702166491667448
9.47933054122924
9.3711707155355
10.21077861869505
10.062879233178666
9.877454255227029
10.489790955291449
10.56052226652981
10.457577135275162
10.433403758050133
10.264054094343662
10.26836861139071
10.807173955880232
10.64752308751475
11.140196059942943
11.087896168410012
11.168564908047191
11.590691504593497
11.951182754471176
11.993239965832785
11.859343092391036
12.169347692288767
12.327799074495887
12.599583126020278
12.501748669956669
12.387738260249137
12.39759471066582
12.805717260576351
12.675478495979583
