1.4142135623730951
1.5275252316519468
1.2909944487358056
2.302172886644268
2.065591117977289
2.0816659994661326
2.1998376563477846
2.127857555800617
2.14993539954628
2.1105794120443453
2.0207259421636903
2.063106942552968
2.0286410760370144
1.992844341996778
1.9311050377094112
1.970368732287556
2.196253494422879
2.1561824614390925
2.117595458607661
2.178903175365773
2.138089935299395
2.088931871468374
2.1328180990131953
2.1656407827707715
2.14977637477447
2.1122354181147664
2.1331349114072813
2.097382840190394
2.080285126346038
2.094026321840091
2.078839238768876
2.0930078399714174
2.062525319889956
2.0465178460296034
2.06309214683911
2.0360858640159667
2.0233347120635408
2.035448336982203
2.045006425919313
2.020021733763785
1.9978211127641712
2.0063575587062314
1.9993392143077977
1.9789294116166996
1.9575198742212079
1.9367902149497904
1.9167052108366134
1.8972321407562036
1.8871206876604154
