1.4142135623730951
1.1547005383792517
1.9148542155126762
2.0
1.7888543819998317
1.632993161855452
1.6690459207925603
1.5634719199411433
1.4757295747452437
1.7002673586554236
1.712255291076124
1.640825308284734
1.6104057232283402
1.647508942095828
1.6111590031195968
1.5600716423971577
1.5339299776947408
1.5082618476808298
1.4867838833500564
1.51343192462568
1.4770978917519928
1.5075567228888183
1.5298953265321544
1.5088627063675035
1.5357283413616936
1.5561659364130878
1.5270921982678654
1.602030730995566
1.5742175578808126
1.591644851508443
1.575710285308123
1.5612494995995996
1.5469480044081139
1.524037097852363
1.510807625920548
1.489704406658992
1.4694615380978129
1.4500221041639687
1.4313343245789745
1.413350973965687
1.4053572627643995
1.3964834810898448
1.4112205144415064
1.4016584693306942
1.3956454015818351
1.4083141521536793
1.3933733748360946
1.4045601146431073
1.399854219815297
