4.242640687119285
3.7859388972001824
3.593976442141304
3.209361307176242
3.03315017762062
3.5790395093549625
3.313931631332013
3.122498999199199
2.960855732160327
2.8284271247461903
2.8324419275118906
3.078044667375536
3.075068122179402
3.067494712224262
3.06526235962492
3.211880519351278
3.1295555031120355
3.1880625291951974
3.1334359818945683
3.0597229877727106
3.2326794536756114
3.202642189825056
3.175711719841118
3.294945624235196
3.4899856733230297
3.4235650601087926
3.5156490666430797
3.54284125214933
3.5926169503196603
3.6582503603395886
3.5988349369241437
3.6058139080371214
3.5510034734493288
3.5294677866702306
3.589667712437223
3.766455387521029
3.721931464503079
3.770937948236048
3.733081493337299
3.732356869978814
3.6879595030541275
3.734250796933229
3.8289953086933615
3.792869439600919
3.751006306203543
3.7109982300035838
3.707381940273194
3.751756958027644
3.7647668437441255
