6.363961030678928
4.725815626252608
4.272001872658765
4.505552130427524
4.847679857416329
5.468524655221178
5.230405611149374
4.898979485566356
6.04520011616195
5.763521650708169
5.702205846437983
6.022394106103549
5.823408616273455
6.14662121664841
5.957837974746655
6.151876805926312
5.9685997525831755
5.8007863955689265
5.6791400386808
5.5437652667959645
5.466347261284484
5.390300174237001
5.559787035854698
5.689756878227165
5.66174748778013
5.629592142625227
5.74444751465946
5.652716335572072
5.5676611404352405
5.661034519233829
5.598098755597239
5.509977176436259
5.496474319645646
5.456474066986617
5.546556203112497
5.591579898898501
5.515528318445926
5.595086527692103
5.662290919896156
5.614767115036701
5.568077255261235
5.630363813976932
5.602589253416202
5.574291638650356
5.518874071266054
5.510481140987635
5.469450942921171
5.503786575319456
5.449733189499711
