1.4142135623730951
1.1547005383792517
1.9148542155126762
2.0
1.9663841605003503
2.2677868380553634
2.32992949004287
2.23606797749979
2.110818693198342
2.0404990476930798
1.9462473604038073
1.8912755158683456
1.8999710813299528
1.9952324127660872
1.9397164741270823
1.9516207442563642
1.8934009929915634
1.855921454276674
1.8064212949190015
1.7741530507876278
1.7314258568692733
1.8068818816921464
1.8097962092016273
1.772004514666935
1.8233527866585186
1.863581088371116
1.832611690584126
1.818081054081974
1.7875688235283629
1.8216145503076309
1.80947327926861
1.8033008455035835
1.7962130891616337
1.9241935995121078
2.029934708465994
2.0056227268662776
1.9821393101055533
1.9563385338022166
1.9412855904244857
1.9171879814190265
1.8974890186966387
1.8783607754256921
1.9019295865567354
1.8904331180280811
2.086649534587262
2.1052333363679767
2.0900600622541416
2.0683474622243225
2.047297870713632
