1.4142135623730951
2.5166114784235836
2.449489742783178
2.16794833886788
2.073644135332772
2.309401076758503
2.1671244937540095
2.121320343559643
2.0027758514399734
1.9021518914592015
1.825741858350554
1.9774368283857793
1.8999710813299526
1.8516401995451028
2.04939015319192
2.1351401662213574
2.0832352918107335
2.130260945496216
2.1095023109728985
2.0770858707058104
2.262531241562781
2.2325298930406645
2.206709137469482
2.270829510700146
2.2843952237871488
2.2595161219635287
2.31483597873923
2.2742941307367106
2.276567288856109
2.315446031023104
2.282250940374154
2.246630473586719
2.2164512111660617
2.1839752514988957
2.2187870274129224
2.277979189805998
2.2473312764893696
2.2773306342764035
2.374949392173361
2.347806448996854
2.3563244276547253
2.38373038379672
2.3637278401553723
2.3370100901827877
2.3135809916298413
2.3229140523762615
2.3108401652869777
2.3176709515062277
2.3840456097540907
