0.7071067811865476
0.5773502691896258
0.5773502691896257
0.8366600265340756
0.752772652709081
0.816496580927726
0.8345229603962802
0.8660254037844386
0.816496580927726
0.8312094145936334
0.834847109936722
0.8623164985025763
0.8770580193070292
0.8451542547285166
0.8539125638299665
0.8269362305593853
0.8401680504168059
0.8481145238787243
0.8255779474818964
0.8366600265340756
0.816496580927726
0.824525255667285
0.8340576562282991
0.8406346808612329
0.8236877675803729
0.997146927138621
0.9786071518602127
0.9610646805481119
0.959525744924238
0.9435690651166778
0.9283830897266078
0.9721500694726909
0.9576598036177777
0.9544235798364892
0.9507724512038903
0.9578190943061311
0.9634132068392957
0.9508856586164727
0.9554164080758258
0.9435273723846195
0.9422956128876774
0.9311872177771209
0.9631146619216514
0.9524025971566369
0.9420401337132989
0.9320086630558222
0.9301871999497492
0.9207546446509289
0.9260405068938201
