3.5355339059327378
4.041451884327381
5.446711546122731
5.319774431308154
5.428320796219276
5.1455019654248
5.3452248382484875
5.0
4.880801391392834
4.755857632244874
4.699290726623895
5.610201331000428
5.455615113232994
5.257194616722424
5.173248495867949
5.019081237695624
4.928574811565978
4.922201760943836
4.994734069102441
5.86636904006948
5.736644568830364
5.6263777408038855
5.571017131912086
5.484827557301445
5.391303538677251
5.2866547029967785
5.221040055320325
5.130321339286164
5.044628416649632
5.011599448505244
4.983844868915901
5.149470405249986
5.072381616013036
5.002016400135738
5.076244080839097
5.099755632136456
5.1493346391717
5.110123317874691
5.045371069680527
5.00889452776198
5.413666193001289
5.381873518507633
5.627251722202563
5.946308590931508
5.880985490388856
5.819518022074568
5.77592060759566
6.048415770541351
6.165374014177394
