2.1213203435596424
1.7320508075688772
1.5
1.4142135623730951
1.2649110640673518
1.2149857925879117
1.1952286093343936
1.118033988749895
1.0540925533894598
1.0
1.1146408580454257
1.0919284281983377
1.05090228108783
1.0600988273786192
1.25
1.2217393579743305
1.1950332945836273
1.1647854507156374
1.1367080817685316
1.2497618820818477
1.2238608980744086
1.2335879094879225
1.212853862900895
1.2206555615733703
1.225372784722454
1.2276491791723345
1.2056963563450391
1.1921334933680257
1.1724814044061258
1.175008579241157
1.1639753904947558
1.1530591721787111
1.136417111041267
1.126457972152184
1.1464230084422218
1.1631220283585264
1.1517195999827183
1.1382207864489442
1.125178048588596
1.1153037429437733
1.1032630306279143
1.0915968166810772
1.098480595846061
1.1137342772870198
1.1051045374295334
1.1117071070888664
1.1036689296990192
1.0934250003052413
1.0859022393702793
