1.4142135623730951
1.1547005383792517
1.5
1.5165750888103102
1.6733200530681511
1.5735915849388864
1.6420805617960927
1.5811388300841898
1.5238839267549946
1.4459976109624424
1.6143297699232972
1.713446070320696
1.6919330254585618
1.7674302033770735
1.7114808402861736
1.6605279103876784
1.6138696240399013
1.5746530296362722
1.5355437918998287
1.53684897172909
1.532476704059428
1.5792628490042622
1.551063216458077
1.5242484486898236
1.5635265858358098
1.5941488454063948
1.652319197418807
1.6279577099601572
1.6291172420994586
1.6571772865749113
1.6310371724962358
1.610218317590205
1.7785110638615873
1.7537474881238861
1.780850519113991
1.7731734670201174
1.7668111448656931
1.7452460974374884
1.7246329970051526
1.7047280020506523
1.6993884258954348
1.7201818132550344
1.7379911126994896
1.7358373521535113
1.7330267287356178
1.7498513218195526
1.7725247449982766
1.7549734963209889
1.737932151513777
