11.313708498984761
12.662279942148386
12.30176139149729
10.88577052853862
14.707141122597553
13.490737563232042
12.534951136721675
12.323194030409125
11.623730516108463
11.027239001672177
12.43498242374262
11.983428728980872
11.577023474428673
11.157743414115512
10.874281585465774
10.530068990333183
11.745114406352142
11.49090665145769
11.185046408392534
11.023999792660168
10.794519212157855
11.191117313269823
10.978239345652598
11.853269591129697
11.615440651927997
11.751825947716087
12.428206526298052
15.151858557087646
14.888860296192595
14.741208424225322
14.515807568125128
14.962516297046895
15.333633648147948
15.115132380854503
14.906347854159527
14.74319713840461
14.740452463665099
15.021981195179952
14.829263342528222
14.650855298432571
14.553916739168148
14.391342604886004
14.237638828402476
14.247204226894073
14.131473763363738
14.00766276350938
14.257121525202665
14.176127293235398
14.030884301629541
