9.192388155425117
7.505553499465135
7.22841614740048
6.767569726275452
6.058052492344384
7.033931367037247
7.270291799999699
6.87386354243376
6.484168755086842
6.201172909582949
6.1119604552108
5.880214543443383
5.6767309893348585
5.9505902068218255
5.760497663686127
5.578319375835659
5.573044368153887
5.469746671919164
5.36165724576391
5.226307081896903
5.107714223480459
5.314979948946893
5.205905231116133
5.098038838612354
5.257229454614049
5.38225426458663
5.694144397824876
5.591601725106747
5.635376763302327
5.740817820425225
5.647490878771426
5.599986471845131
5.514605465514755
5.4706243786643745
5.474544266022051
5.473934961612529
5.399805064707625
5.32860789308733
5.260155013802423
5.220270061231997
5.156381430239923
5.098259316866446
5.209105298675099
5.153992274308952
5.101860984704148
5.1984662934259065
5.143163195891655
5.089588545710336
5.051126364586459
