0.7071067811865476
1.0
0.9574271077563381
0.8944271909999159
0.8366600265340756
0.9511897312113419
0.8864052604279183
0.8333333333333334
0.7888106377466155
0.7507571935295483
0.7537783614444091
0.8006407690254357
0.7703288865196432
0.7432233529572065
0.7187952884282609
0.747545001596402
0.7583952786593615
0.7647191129018726
0.7880689256524124
0.7684244858645451
0.7743171827921033
0.7776522892681232
0.7974142996067924
0.8124038404635959
0.8236877675803729
0.8915558282417287
0.8997354108424372
0.9001915504970077
0.8847364696279086
0.8847574237748622
0.8706690049203728
0.8703882797784892
0.86936369051247
0.8677218312746247
0.8783100656536799
0.8767945989619056
0.8748094691970764
0.8847180601095134
0.8929926637077695
0.9278877139805751
0.916996561902623
0.9240241328053312
0.9542937350572707
0.950810393317408
0.9407572240431492
0.9661237004780222
0.9565007145952775
0.9631827907699422
0.9595917499283808
