0.7071067811865476
0.5773502691896258
0.9574271077563381
1.0
0.8944271909999159
0.816496580927726
0.8345229603962802
0.7817359599705717
0.7378647873726218
0.9438798074485389
0.9374368665610922
0.9268086959962983
0.9492622930986467
0.9611501047232548
0.9287087810503355
0.9354143466934853
0.9375953110592338
0.9428090415820634
0.9176629354822471
0.8944271909999159
0.8728715609439694
0.8779242496606942
0.858672720295521
0.8660254037844386
0.8708969735057864
0.873803618402192
0.8575836609041332
0.8596023825918793
0.844862771962569
0.8462440736915469
0.8327955253822958
0.8337120351630757
0.8213939718801192
0.8321279798143528
0.8409178658720822
0.8292693697995168
0.8180920105315724
0.8073548552824701
0.7970297423913429
0.7870909700421872
0.7948732358632751
0.7853870253725086
0.7893985721473312
0.7964568000484609
0.800060384194523
0.8029778066683102
0.8096821020517736
0.8012532700220876
0.8071112509614591
