3.5355339059327378
2.8867513459481287
2.362907813126304
2.1213203435596424
2.258317958127243
2.138089935299395
2.1998376563477846
2.23606797749979
2.2335820757001272
2.21153998175685
2.1933093855190746
2.1000610491736684
2.0326997151247235
2.0930724738891344
2.04939015319192
2.0291986247835694
1.9745107774984456
1.9956092153402372
1.949358868961793
1.901127485016645
1.8754508837386328
1.921379609744801
1.899179838238342
1.8645821694595996
1.9010118763032897
1.9289369405964834
1.9518001458970664
1.934901125259898
1.9502431324996556
1.9778341581106458
1.9610625000321276
1.9443001389453818
1.927611546580328
1.9110470534071458
1.8946457557238872
1.8784377893687425
1.8578578649543371
1.9518495329277523
1.9267017120404204
1.90250156244928
1.8791910187677625
1.863860412360951
1.8951088707869284
1.878103492162433
1.8835673831738866
1.9108241268267663
1.8943739024462685
1.8819316317727024
1.862738821833954
