1.4142135623730951
2.5166114784235836
2.217355782608345
2.16794833886788
1.9407902170679516
2.138089935299395
2.03100960115899
1.90029237516523
1.8257418583505538
1.8340219092574561
1.7494587907710375
1.8912755158683456
1.8999710813299526
1.846489590960049
2.0289570391377603
2.1282414723677108
2.0651164331225833
2.109571614726748
2.058998223459779
2.1591444513753038
2.1100665753432883
2.186917624340746
2.265046309153236
2.325224003546038
2.3008359684788817
2.2764745072888872
2.32879377001924
2.3070890963554413
2.285385854893464
2.331643012938504
2.3061978204605027
2.288806755415661
2.25650179625593
2.4173740875155416
2.45466837381281
2.4338084196220997
2.4343441199740736
2.46377260285857
2.488434787634125
2.4943839358671704
2.4983153441174575
2.521666906375813
2.49258943955175
2.466339044581723
2.4392126709465662
2.4443860429020834
2.4188056076038618
2.3952546624438877
2.3723750262777012
