0.7071067811865476
0.5773502691896258
0.9574271077563381
0.8366600265340756
0.752772652709081
0.6900655593423541
0.7071067811865476
0.6666666666666667
0.6324555320336759
0.7006490497453707
0.7385489458759964
0.7595545253127499
0.7703288865196432
0.7745966692414835
0.75
0.7276068751089989
0.7583952786593614
0.7374684055082
0.718184846459608
0.8366600265340756
0.816496580927726
0.824525255667285
0.8064504441319253
0.8124038404635961
0.8161824833662176
0.8182393717706754
0.8034317926884929
0.8169991950602302
0.8030115728972382
0.8058922791486449
0.7931155389125321
0.780927963930403
0.7692856143892455
0.781078762746399
0.7699721701835351
0.7798128673650544
0.769252653151891
0.7740738229657491
0.7778998683173852
0.768273325346536
0.7589956074786555
0.750046141068671
0.7537783614444091
0.763431911062331
0.7717850568085931
0.7754322002162956
0.7829635463376421
0.774816195012999
0.7669180303696884
