1.4142135623730951
1.5275252316519468
1.4142135623730951
1.5165750888103102
1.3662601021279464
1.5275252316519468
1.7677669529663689
1.6666666666666667
1.636391694484477
1.5666989036012806
1.5050420310248864
1.589226549501683
1.5406577730392867
1.5212776585113297
1.4705441169852742
1.519481335657587
1.495090003192804
1.4709665835968129
1.4964871146156007
1.5134319246256802
1.4778303975702638
1.4904173487710703
1.5580552724098262
1.6
1.5689290811054724
1.539600717839002
1.5719094983170854
1.5788004425634112
1.556964331972471
1.5855530563887341
1.5602806819452752
1.5361798348007583
1.559571676652521
1.5432150222966392
1.563471919941143
1.5417123197525784
1.551395462321613
1.5693591014180848
1.5491933384829668
1.5361497640402693
1.5174172690492311
1.5336751508838298
1.5434167637271248
1.5258711702771068
1.5089107310251653
1.5508644004325909
1.5389447890778236
1.5230652944494738
1.511857892036909
