13.435028842544403
9.71253485622231
9.201449161228174
8.018728078691781
7.52772652709081
7.967194642795572
10.253048327204938
9.656603957913983
9.109823757290197
8.686457589520913
8.338937509531943
9.145546765558942
10.169173413414088
9.859489023753909
9.639977524178502
9.67904042399926
9.43865643479609
9.982440723942094
9.98353908349033
10.120700145176292
9.899494936611665
9.752470042853702
10.43536003837121
10.961751684835777
10.786387432600122
10.58475493514314
10.987727641790123
10.798079559231246
10.826531905621868
10.954254832015328
10.781555336957231
10.649192599925264
11.205740825620605
11.039881865157737
10.881577558365798
10.743599253738243
10.638104837690573
10.955375069571089
11.226799438888433
11.09191091764075
10.957763914759909
11.044258090353306
10.981124493303076
11.226771755068508
11.108881418793324
10.987967517118976
10.971594529730975
10.872365581295238
10.78405852948448
