2.1213203435596424
1.7320508075688772
1.7320508075688772
1.6431676725154984
1.5491933384829668
1.8126539343499315
1.8850918886280925
1.90029237516523
1.8135294011647258
1.7215215257545762
1.7580981459830651
1.8776690404970269
1.8999710813299526
1.846489590960049
1.8062391868188443
1.8884322785284717
1.855040827202527
1.803181074740996
1.755442664221313
1.7210185245675775
1.7232808737106582
1.6846200355070042
1.7398775569112552
1.7823205847059802
1.7492855684535902
1.739436985245808
1.773929366357465
1.7448022740039795
1.71671967332515
1.7101845464147132
1.684847078348464
1.6787441193290353
1.6742252844316692
1.6515844188042506
1.6808916756878847
1.6598961579735205
1.639007089361061
1.6641005886756874
1.6853440643929698
1.6845785461202991
1.6772024714032892
1.694888413174109
1.6785866903307682
1.6706014159305296
1.6554696343167783
1.6407168848988631
1.6237379168742214
1.6397486118927138
1.626439707597235
