14.849242404917497
10.692676621563628
10.408329997330663
9.038805230781334
8.471520918150805
9.778499251881529
9.334077351297235
9.959640778885774
9.534149149242422
9.206716915580513
9.56754298594361
9.195874214238826
9.04840463140472
9.624868582899989
9.359487165438072
9.446832646915237
9.222025354225986
8.965822043308728
8.868038411236045
8.644844320942587
8.972902931213902
8.800152711574702
8.622098335680528
8.542638156135764
8.395328371275209
8.233764132817493
8.576684896247723
8.466828929311529
8.73156514521065
8.602075268487901
8.529833791823204
8.606287342297014
8.703114774241376
8.766149562451037
8.643558937793571
8.532133220789353
8.433869602517088
8.630986451472742
8.799439084687625
8.706669717002915
8.62797357382998
8.525124096679612
8.480795367383
8.453676505795952
8.378861140373543
8.287335277062802
9.28486815176956
9.210732057443295
9.118830035947035
