0.7071067811865476
0.5773502691896258
0.9574271077563381
1.6733200530681511
1.632993161855452
1.511857892036909
1.5059406173077154
1.5092308563562362
1.4298407059684812
1.4206272622267313
1.4433756729740643
1.3913653136029502
1.3424596091494905
1.3557637102737476
1.3647344063956182
1.3284223283101428
1.2935233335271092
1.2635233389495326
1.2732056517228265
1.2440333788202982
1.2492421945347751
1.269900870676083
1.2445533509971602
1.2489995996796797
1.2673412508688597
1.281025230440697
1.2863754913562
1.2653004471961895
1.2685406585123125
1.282638409811035
1.3304740847993173
1.3149778198382915
1.2999382955327201
1.28206765772778
1.2832869503058921
1.3208878622898859
1.3035131433690987
1.2868062967456018
1.2707256154432356
1.2552329489371927
1.2402933226186474
1.2258746058550103
1.2412484338030823
1.2411301464407511
1.240422243832788
1.2547781019392963
1.2418171882680695
1.2337377531458682
1.2215747615103971
