3.5355339059327378
2.5166114784235836
2.217355782608345
2.0
1.8348478592697182
2.0586634591635513
1.9594095320493148
2.1081851067789197
2.0027758514399734
1.9679246105293955
1.8829377433825436
2.0475125621855637
1.977899874131123
1.9346465162548798
1.8697147732564272
1.9685019685029528
1.924217861647939
1.8856180831641267
1.9540780569443943
1.9469145308606104
1.9069251784911847
1.8975749033526954
1.9776834640705196
2.039607805437114
1.9984609462899579
1.9676876967127865
2.018433569398328
2.016557081526379
1.98152385340404
1.9554170690618649
2.043626993930786
2.0481884087104287
2.0265615884195958
1.996635826045586
2.0352060072787457
2.006745381713143
2.0051498420434677
2.039091645032686
2.0679173221582268
2.0419383426347504
2.021946946416526
2.046253633189194
2.0299032980851988
2.1478201305349836
2.128708755603635
2.1100613561978525
2.0931329804288272
2.1138915333966373
2.0922597879824014
