0.7071067811865476
4.358898943540674
3.696845502136472
3.209361307176243
2.9439202887759492
2.760262237369417
2.6958963523950885
2.598076211353316
2.4517567397911058
2.5796405669289384
2.461829819586655
2.8329562343320847
2.7295694624884437
2.6367367999823097
2.569046515733026
2.488207481418749
2.449489742783178
2.676516895156554
2.7505980211009042
2.681506328628778
2.6600296193383968
2.609650681574432
2.7554294228573206
2.8682166352398606
2.846860619105787
2.812264551714847
2.760262237369417
2.7137671270218515
2.6671694928234833
2.6546773491249342
2.6150926709046765
2.79440729336511
2.838492733515002
2.815622682895735
2.781315207903319
2.7424479978699723
2.827924159129206
2.832956234332085
2.907108881910351
2.911080597287275
2.87929853375047
2.911009384520485
2.9722998832881085
2.968691852168445
2.9878982967771943
2.9613607892874727
2.967614797889457
2.936690256030408
2.9982988374021935
