10.606601717798213
8.660254037844387
7.5
6.708203932499369
6.013872850889572
5.593363414414826
5.655275665884277
5.294126724756197
4.994441354590566
4.797726734421398
4.5792681696639015
4.385290096535146
4.21405288982492
4.283967898150142
4.170831252080733
4.149769660510582
4.076073979329537
4.237123596765736
4.285532577601553
4.269493111432718
4.166709956485076
4.250552161294968
4.1589784141391455
4.07308237088326
4.137074402930725
4.185172578958903
4.112665943645456
4.07412839359386
4.016632088371218
4.060827819625595
4.008936589751098
3.9485325237243636
3.89077706474657
3.8332907073503866
3.8619018260807354
3.808280846130312
3.781458846788806
3.775766181374352
3.768203680052204
3.7400273900131777
3.8224989545897485
3.7865238692211647
3.8411233161420015
3.798324989685944
3.7891913404435984
3.838073059539224
3.814864544038451
3.775592938972146
3.7375644148431797
