5.656854249492381
6.110100926607787
5.439056290693573
4.711687595755898
4.4121045620731465
5.11300861947808
6.323143431644016
6.576473218982953
6.2574400161372346
5.980270592844137
6.501165396692467
6.251153739664629
6.0128068448808625
5.817052108937587
5.639148871948674
5.487284767318629
5.373926401368022
5.243765443208898
5.103920062069938
4.979959839195493
4.8646173708218985
4.7527815862212845
4.86036916353039
4.787831798772106
4.715441083863165
4.645863276512298
4.78796440824315
5.092494235337514
5.20399934621463
5.117543093304438
5.071166914130094
5.661037756882433
5.614153237803553
5.53491590881443
5.467581224311573
5.476540193634344
5.419788829194208
5.513325777931432
5.592806735395671
5.524446777291094
5.466028545515921
5.478135337631651
5.512622456009001
5.77044017367651
5.70634023175798
5.667881823602841
5.685461114554068
5.664590455982992
5.642007169258045
