0.7071067811865476
0.5773502691896258
0.5773502691896257
0.8366600265340756
1.1690451944500122
1.1547005383792515
1.1259916264596033
1.0540925533894598
0.9944289260117531
1.0
1.497472618255253
1.4806443503784736
1.4600918230947437
1.424279266355945
1.390443574307614
1.3800042625680118
1.3394467690277296
1.302269723501448
1.268027892769755
1.2363540870525032
1.2069423999139133
1.1928641587313162
1.190998850070631
1.1874342087037917
1.1635489477654792
1.1596246568305386
1.1547005383792515
1.1338934190276817
1.1290317283753193
1.1254628677422756
1.1071614388213236
1.1035411321301214
1.0867046131405875
1.0831016774511428
1.0819588350001679
1.0668355722125777
1.064091248400138
1.0634397883922542
1.0609623111312794
1.0580700331839814
1.0451480731329506
1.0454775252553032
1.0432000693912997
1.031327476428493
1.0290467424114575
1.055359433446744
1.0442344238315904
1.0334540197243194
1.0350983390135313
