2.1213203435596424
3.0
2.6457513110645907
6.041522986797286
5.540758070878027
5.061526214398936
5.5533130394644346
5.196152422706632
5.011098792790969
5.473905037871625
5.224505196231941
6.206902691813448
6.069650676987872
5.848890818738525
5.783597496368502
6.5965677349931715
6.4008271524307006
6.229997230904362
6.4310103978179125
8.617534726469327
8.500572937146075
8.305910082133693
8.513310124467587
8.34326075344646
8.210031387553606
8.224070016441228
8.070702781433807
8.202786982831768
8.078707646732818
7.976983017690092
7.849388716696763
7.725768570181222
7.638676332590745
8.048383103967858
7.93600395225196
7.82964260380404
7.776254112537707
7.742394291543282
7.651001275180949
7.557180400768272
8.563115403421307
8.487760714644276
8.398001373023869
9.199802369418792
9.101786202570059
9.04536822918117
8.978673510835796
9.630945023247527
9.607841185453575
