4.242640687119285
3.4641016151377544
3.774917217635375
3.6742346141747673
3.3115957885386114
3.4086724129853865
3.5228843701879127
3.370624736026114
3.2335051500740732
3.074824459143229
3.5021638332824345
3.4024877776302263
3.281650616569468
3.415650255319866
3.559026084010437
3.4545366591500755
3.3606722016672235
3.4615684509122273
3.424370860387888
3.3558761541369138
3.3189081811872283
3.4457971191817527
3.4132627087349396
3.462657938636157
3.5684515064445184
3.651483716701107
3.65365657242253
3.5898049400196057
3.62684752760655
3.7017868396831832
3.6531857506883303
3.7251703235414535
3.6764171119105438
3.666793988112845
3.655285366576885
3.6043017341769534
3.592706377936476
3.561110988299179
3.5151685957305454
3.525343781886783
3.4845769359800665
3.4429377859622505
3.5146176175916826
3.5329616728487423
3.525202567242997
3.5902530194619686
3.553479465545951
3.517811819867572
3.4864753267564694
