19.091883092036785
15.88500340992514
13.841363131329707
12.103718436910205
18.584043334717734
27.174918407903096
25.170490091147837
23.553131426627754
25.76733504954588
25.56311262880026
24.393864106791405
23.411316571046225
22.604215302694087
21.816987701810543
22.172712208177572
21.60014297338303
23.511713114844934
29.556566838434634
28.88452508651794
28.597036143462073
27.93808863427841
29.83962402670878
29.459349294741138
28.89365558965036
28.433052272636182
27.934192100704976
29.358845327120733
28.83142784405749
28.347210935400543
27.905639773758914
27.73810047104768
27.505474661667566
28.228504828426264
29.32303422455551
28.92095137735667
28.576355752756655
28.30759715869583
29.210668562953792
28.83374091901041
28.54333461982871
28.205031634866316
27.96335206468003
28.73332773316666
28.452032999738027
28.13433098031913
28.793436398743268
28.991439186409682
31.771773293779063
32.306213466938964
