2.1213203435596424
1.7320508075688772
1.4142135623730951
1.816590212458495
1.7224014243685084
3.4641016151377544
3.2071349029490928
3.605551275463989
3.7947331922020555
3.600505015082796
3.4728383291777436
3.6391743216820136
3.4964660337653393
3.601586951807296
3.750555514409388
3.636012683599181
3.7416573867739413
4.851598880359591
4.749238166053029
4.801785382245114
4.698023900687242
4.684935069004747
4.582378029560318
5.2573757712379665
5.27694550342846
5.1838011991004125
5.087982521350298
4.9970434608630026
4.952765394955759
4.877642652907485
4.895274218817507
4.9061263495323635
4.876093962908823
5.05266382858645
5.079370039680118
5.0299403873505595
5.009024572636327
4.963972767957702
5.390161978442406
5.340937160845235
5.282550768791041
5.242935446200272
5.1816883630487425
5.132782339575151
5.085168354938471
5.061874326065097
5.010582772124621
5.053876400018768
5.007912107202899
