2.1213203435596424
1.7320508075688772
1.5
1.3416407864998738
1.3662601021279464
1.3451854182690985
1.407885953173359
1.3944333775567928
1.3703203194062978
1.6011359603844901
1.8829377433825436
1.8501559185854912
1.780541959721722
1.846489590960049
1.8211717839530315
1.8068497121656082
1.7573375583870183
1.7421503147829254
1.700619082322051
1.6604646509766046
1.6547190813232433
1.6986393066425687
1.6632210760527557
1.632993161855452
1.6677944901990958
1.694637091472647
1.7438478405541267
1.7134644995251593
1.684615990213425
1.707037930048321
1.684847078348464
1.672527573718438
1.6752896362775287
1.655142229030281
1.65615734242165
1.636666941890951
1.6178239076925416
1.5995950904654888
1.5940594847826854
1.5772776794365604
1.5721147271898301
1.554117882281321
1.5754458411220198
1.5785813859029225
1.561616900201573
1.580699970244099
1.5642277681457704
1.5581145941282284
1.542460266415115
