1.4142135623730951
1.0
0.9574271077563381
0.8944271909999159
1.0327955589886446
1.1338934190276817
1.0606601717798212
1.0137937550497034
0.9660917830792959
0.9341987329938276
1.1547005383792515
1.1982893790305562
1.1602387022306428
1.1254628677422753
1.0954451150103321
1.121317502394603
1.1504474832710556
1.1239029738980328
1.1002392084403616
1.0779168622415933
1.0578504710249077
1.0387739809021064
1.062366786192884
1.0801234497346435
1.064822123101391
1.0500305245868344
1.0659471779799345
1.0527936095153945
1.0742546199601597
1.088552358207514
1.0757592967370206
1.0931952056132324
1.1062132095053536
1.093909802251623
1.1051825964195108
1.1203817453240013
1.1086110644298959
1.1190896628127278
1.1277388313766943
1.117488473231325
1.1056291401670486
1.113194797781282
1.101603674372558
1.0931374547372783
1.0848094736878446
1.076620607918595
1.0667026811296005
1.0801234497346435
1.0707616972253435
