3.5355339059327378
2.886751345948129
2.449489742783178
2.16794833886788
2.48327740429189
2.690370836538197
2.5634797778466227
2.449489742783178
2.3475755815545343
2.227921983292136
2.2746961169005466
2.3750843439814178
2.4053511772118195
2.416215064536938
2.4899799195977463
2.5767626748214396
2.5237434587833274
2.513123449750173
2.46234804500437
2.4142434484888695
2.356257212603932
2.3142452820080335
2.4001811525835692
2.4664414311581235
2.4321563714910717
2.3882428066894086
2.44191788620399
2.414039396301674
2.413801313614937
2.461313575335137
2.4983865761468875
2.5282494842371577
2.499197732235854
2.5641353154555606
2.6088980827830754
2.6644134624902156
2.6282197621328076
2.667341345151002
2.7004273166126307
2.674176417552724
2.648603164389825
2.6790272775638813
2.6708036972054576
2.6470872118369484
2.6302770743635935
2.6036336950752808
2.686896889278973
2.6612934812224824
2.6394959320882094
