2.8284271247461903
3.511884584284246
2.9860788111948193
3.8078865529319543
5.0099900199501395
4.879500364742666
4.565006649971686
4.27525177946022
4.268749491621899
4.060900034587049
3.880799667672381
4.171023363328945
4.008233284869291
4.049691346263318
3.958114029012639
3.968626966596886
3.8788853597376307
4.107474288323637
4.315211771347839
4.210531015034972
4.109170401100615
4.262160004638298
4.4361410962780425
4.570557952810575
4.551922670696417
4.7878050214139805
4.725255794985318
4.968868600840014
4.930435619932466
4.856433489358126
4.819211386430022
4.8084521544060435
4.752801969335015
4.690953209829184
4.717663532549689
4.652488113434106
4.747163561292905
4.688833031328959
4.7684190789841985
4.75125143976852
4.716097916567544
4.720422865229139
4.673425840955336
4.644645010410082
4.59278998069401
4.6225726185016285
4.576719922414627
4.530133424474098
4.599245723430071
