14.849242404917497
13.076696830622021
10.965856099730654
9.607288899580361
10.411532067856296
9.865765724632494
9.794313218831192
9.327379053088816
8.83427667918797
8.75525816035972
8.404093519160046
8.0638477804111
7.747739833491606
8.10467237374308
7.991662321861871
7.772027519554076
7.542472332656507
7.467669105640999
7.297259759663212
7.20416546173115
7.082079084269262
7.063797364136447
7.51411714852378
7.3966208500909385
7.247386796950704
7.582030037343527
7.443881760303268
7.3508151084502655
7.244181176609282
7.394563536306461
7.285577334485867
7.228154129597135
7.120117866396072
7.033294170639837
7.2599685162638865
7.162213156371242
7.065030183488168
6.984173355729939
6.894395717370181
6.811306955278435
6.727998944898488
6.723621604920763
6.64864989712539
6.5826524388967345
6.530974137784178
6.460081651892736
6.400908623443531
6.383905677614628
6.4309519401985
