23.33452377915607
16.502525059315417
13.524668819112232
12.095453691366851
31.091799561942373
30.634558760918864
28.49780693316593
26.657290018137836
25.151982471014534
23.949188636854412
24.052971844357497
27.172289806590342
27.15765935308972
26.201599369576837
25.313698531295923
24.801120705228104
24.086174267609895
23.430873819668278
23.13228548109649
22.590453103658
22.073274275227885
21.565783175033758
21.753560428222958
21.874642854227357
21.490033468134442
22.047733763418048
21.635844988347195
24.85519640190638
25.77178801463461
25.42169084839555
25.112629357074628
24.718567429314664
24.644712492387534
24.414728988801798
24.197402457997132
23.88048947944279
23.557803972840077
23.324357247856607
23.495553316341066
23.34964876740067
23.066333673319644
22.898156724840298
22.66060836004535
22.468159288606216
22.217164883462004
22.1609410460861
21.989359128760825
21.762028498137333
21.91401564370741
