3.5355339059327378
3.605551275463989
2.943920288775949
2.8809720581775866
2.588435821108957
2.70801280154532
2.6049403612586386
2.5055493963954847
2.496664441476534
2.3702704103502237
2.2896340848319503
2.436369724794953
2.344036154692477
2.2949219304078006
2.220172665957913
2.3056835148363786
2.2375289825413254
2.2659441572943955
2.21002500581233
2.1580414400893364
2.132514723892674
2.1068306001825623
2.0637485241701548
2.1354156504062622
2.093212474054763
2.0679345435369267
2.1206967009345057
2.082651776856928
2.0569478561107526
2.0976176963403033
2.063507818286384
2.0606339124677437
2.0291986247835694
1.9991594872501255
2.0352060072787457
2.0067453817131424
1.9794463067649946
2.0104316346558098
1.9895560643855537
1.9692762072618977
1.953138574285001
1.979126959443149
1.9561795617481714
1.9609830558815506
1.9462586429644981
1.9250527102121857
1.9111468466613302
1.9144100883547803
1.9429621820345155
