0.0
13.856406460551018
14.150971698084906
14.601369798755183
15.445603473696542
14.09998311380279
13.710658002340473
12.82575533838066
12.103718436910205
13.492759000832462
13.60787428014539
13.099716184046283
12.78735639280002
12.33153139989785
12.159358535712318
11.775160795704911
12.562653439377707
12.37994983409613
12.091210378661543
11.821489713552138
11.819072560504745
11.551568515914434
11.309784785046
11.35223913302276
12.40105454572932
12.200018681971592
13.019470563606408
13.673173187838676
13.436141003185076
13.223065543420386
13.176224923163936
13.034264285127314
12.843775412429158
12.689438472190005
12.569394676740904
12.405498635540468
12.245038476177712
12.743392879381558
13.168508472283996
13.115341975028757
12.95487119089148
12.829100710014147
12.74452168506031
12.646594942369413
12.512100423383394
12.390948921335195
12.25900667594447
12.142857142857142
12.036949915377487
