4.949747468305833
4.041451884327381
4.041451884327381
3.5071355833500366
3.146426544510455
3.1622776601683795
3.251373336211726
3.2574700476153438
3.22490309931942
3.266914028977083
3.1176428547376895
2.989297147474208
2.9013070188420977
3.020564437950219
2.9552213679068666
2.8671568208408336
2.853732792269312
2.7762568935855496
2.704771612111494
2.6385421660274377
2.682313403539041
2.7932725505224107
2.886437551572948
2.844292530665579
2.9267992493770127
2.991440781415863
2.9980152164549194
2.9649014138902947
2.9323796777894646
2.9816643977223793
2.952411534825005
2.923584868761036
2.9183786674017838
2.875570823858318
2.848558532711889
2.8220496033847393
2.8449751065767264
2.817910712340979
2.7914705250651837
2.757252078499578
2.7746362413435395
2.7492070738457883
2.8069492441432957
2.798448343513443
2.841463187070749
2.893419757111265
2.883063776191684
2.8781962416489564
2.8886830556359704
