6.363961030678928
4.58257569495584
5.477225575051661
5.06951674225463
4.718756898449704
5.3363086938623105
4.983902658989812
5.024937810560445
4.748099034818508
4.740540820700447
4.52183255959016
4.793157516122225
4.605300338608895
4.4986770542121866
4.358898943540674
4.5268804997286525
4.526248789513803
4.512490786629398
4.396170582390279
4.311667448966373
4.345719892639352
4.2875866416302495
4.21866109675515
4.371498598878879
4.358722466326749
4.2780830171929
4.405834275296299
4.3665206358214075
4.293941200631741
4.399902247203481
4.334664291052888
4.3643268077503645
4.467849099882699
4.513658077845228
4.6102026261291655
4.556946978599353
4.497272762954196
4.582281194412819
4.523159775972363
4.468726014774451
4.425470046623932
4.5000307615535275
4.705042052821215
4.660385383119289
4.608331040175544
4.577728330706207
4.528818282450842
4.489216103563048
4.546539388168024
