2.1213203435596424
1.5275252316519465
1.5
1.3038404810405297
1.2649110640673518
1.3801311186847085
1.3562026818605375
1.3017082793177759
1.2292725943057183
1.1677484162422844
1.2792042981336627
1.344504484072964
1.292412345317728
1.2649110640673518
1.2230426539304888
1.2631659571466125
1.227410260553666
1.302269723501448
1.2814465510343749
1.2611408289624877
1.2587357087234732
1.2415723806063765
1.2676293062133799
1.2871156384205216
1.2890067732709791
1.270977818604485
1.2863754913562
1.2653004471961895
1.2452207485597397
1.2260610940942596
1.2077538469567008
1.1942095141290592
1.1776286635277735
1.1617141782438454
1.177837674427842
1.1631220283585264
1.1517195999827181
1.165171588783833
1.1764243957749085
1.1645160200596683
1.1526871095791829
1.1623476453825967
1.151338957626657
1.1406182976833665
1.130388330520878
1.1392420025725578
1.1290804643759722
1.1387575279588684
1.1466010106183495
