10.606601717798213
7.937253933193772
8.18535277187245
7.092249290598858
7.867655305108378
10.845231561338265
10.113640011673063
9.669539802906858
9.29097531060234
8.947320574034746
9.168457125416799
8.970750190165758
8.659936806611555
8.820970684087088
8.54180894190452
8.287570423798025
8.599285576040645
8.389634372979595
8.273451516749223
8.374280352876385
8.23780746688534
8.078909252093212
8.489977040306265
8.381527307120106
9.117776382092629
9.429903335828895
9.261343680724021
9.112325869865535
8.953840760691252
8.869786822667718
8.808903120908322
8.746536110906645
8.663083723931285
8.535639569308374
8.743251365736
8.622897097516262
8.505583472835434
8.492038026972793
8.452582673133334
8.411591885533943
8.435724046330014
8.335503593367276
8.24502540776134
8.15741591090183
8.079675700193038
7.996241022523445
7.910738728718233
7.87276585304496
7.841907306521906
