0.0
1.7320508075688772
1.4142135623730951
1.224744871391589
1.0954451150103321
1.511857892036909
1.4880476182856899
1.3944333775567928
1.3374935098492586
2.1362669223756576
2.0652243256245835
2.1363760352762253
2.0608863984346026
2.0770858707058104
2.056493779875511
2.0686739145418453
2.007339474206065
2.05622717019268
2.067289096988207
2.0224925687072846
1.9744033018277696
1.9295906711276274
1.970801352499661
2.001665972800324
2.074015058175437
2.04925113137219
2.0158105227158787
2.004920056635061
1.9736773542933945
1.9438350299487643
1.9134498484623643
1.8844459036110226
1.8567216618998852
1.8434530988693725
1.8176821102624776
1.8728340843511757
1.9017473435628147
1.887883090687176
1.913347181223898
1.8899606396727406
1.8674110843507024
1.8629689685097066
1.8437942312034248
1.8564656329877607
1.867080699424707
1.8498193526322517
1.8392875586498854
1.8371173070873836
1.8583512552139065
