6.363961030678928
8.020806277010644
8.445906306213285
7.436396977031283
7.146094504459528
8.09173593712687
8.159131606453506
8.616843969807043
8.206366092518932
8.215285088839527
8.244373655390504
7.964665557064994
7.844645405527362
7.77235638719197
7.534089195118412
7.301792688825686
7.086072134875117
6.8867191451949985
6.703298481070031
6.544717972023954
6.406334797770527
6.416382195155484
6.341575491165025
6.213426322623184
6.111905154318464
5.994536924106225
6.348248935751067
6.235722608744072
6.519995768985299
6.430103930663934
6.343653165477363
6.257419838104443
6.165931930984976
6.127085479295049
6.065449904144172
5.981703835930092
5.941871098226333
6.1595958294945
6.3456021516217564
6.268582132445862
6.1929861792589564
6.118884951149532
6.048561410568692
6.012192998105154
5.988555913771462
5.924205196947619
5.96707128466822
5.941108373652427
5.89087845567975
