3.5355339059327378
4.041451884327381
36.4828726939094
32.166753022336586
28.904440258663833
26.472807252150723
24.576411454889016
23.425413550244958
23.062475534464593
22.871180754191705
21.825062046494466
20.910676944001843
20.319427178912324
20.042336143654463
19.38287474378693
26.7015091003354
25.904361557707198
25.521347560161274
25.01846686370942
24.51044480954813
24.30399108549834
23.749932390167967
23.24351241884964
23.296995514443488
23.23048395138131
22.829355820510727
23.557736122491292
24.141465258504635
23.80485799932056
23.53062520590231
23.147994234852707
23.588245018023343
23.23368075808539
22.892257690862955
22.577889872862592
22.79497995417217
22.599235878772753
22.301425430862334
22.16938001515627
21.927708276149207
22.322730507908023
22.0579122995947
21.876599911289848
21.64591080424787
21.40404946110276
21.21078304303727
21.589948738355602
21.958932758473406
21.879269845668794
